6.612668629873726722e+00 7.903625432715579713e+00 3.482299160157463547e+01
6.181385150098233083e+00 6.149001241192086908e-01 1.086423722130404812e+01
7.060011728733510239e+00 3.189663137020770645e+00 2.078594264014598991e+01
6.484648546464471863e+00 1.293175513838630275e+00 1.461276824433647192e+01
4.199171648556766279e+00 1.426446969811371313e+00 7.692212939879604860e+00
9.336534976323630275e+00 7.795502187294552243e+00 3.907767679121300120e+01
9.281198442891998468e+00 5.499776038869258699e+00 3.096030105756577200e+01
9.597202384686498888e+00 6.799820242860973529e+00 3.554744175341897972e+01
1.188033859779833445e+00 1.490565499340877897e+00 2.770965658289840317e+00
6.724910857247449414e+00 5.417140290922883850e-02 1.112940068963977325e+01
1.443772857139671295e+00 3.186905083087617996e+00 9.290683397435131496e+00
1.348143782688112635e+00 1.204641270580057988e+00 1.174046026443690938e+00
6.407641872986413745e+00 1.833464032708945757e+00 1.313428838851868363e+01
5.153006745417521017e-02 7.408957456279539500e+00 1.780516741750301435e+01
7.273327488697115761e+00 4.002547681811194913e+00 2.310355800434097162e+01
3.105046131207291893e+00 4.135118179032751584e+00 1.558175187307290877e+01
4.456828684948220598e+00 6.239613497661534502e+00 2.414413306698337180e+01
5.380490275070535233e+00 1.623178245873139192e+00 1.144407518049264993e+01
1.111290972369920471e+00 2.016436744599255704e+00 5.945387138652141523e+00
9.570527697183571547e+00 8.517110406676000167e+00 3.933359689798812298e+01
9.307338471102877264e-03 1.514819623909533508e+00 4.274355764539272684e-03
4.968869133925368331e+00 9.954481516058342194e+00 3.629086637692368811e+01
7.693824957429116651e+00 3.302690745937675310e-01 1.213959790726414489e+01
3.190606066240549765e+00 6.052246939545550930e+00 2.080094436427010507e+01
5.203922234152163817e+00 5.923284259677218166e+00 2.278569935829301230e+01
3.833933363566250918e+00 4.327916819918865343e+00 1.672361065379960365e+01
5.499082213013595233e-01 4.385466542468881457e+00 1.326370168000871530e+01
6.527523224717137751e+00 4.257284377689956933e+00 2.222877175406435057e+01
2.391643077732341638e-01 2.983792331715728885e-01 -2.329858748692072545e+00
1.950851084257789747e+00 5.802144509857112276e+00 1.823240205326801444e+01
1.404449411332860942e+00 6.218500179900243729e-01 1.748475820451777407e+00
5.181634584237482244e+00 7.103469051525368450e-02 5.280819453897179550e+00
7.943618267288537815e+00 3.961375271544444132e+00 2.218950823787802662e+01
1.567793375755177632e-01 9.671332131953834121e+00 2.462358900376498028e+01
2.730137462432564721e+00 9.626754915749309305e+00 3.012064154444506769e+01
3.151089042872292634e+00 1.260393387781214569e+00 5.497071339308074123e+00
3.177200654630740750e+00 1.764880983525957125e+00 7.304105180927135343e+00
9.655930724882683336e+00 9.757950471570461914e+00 4.317349160646251249e+01
9.634858081726193291e+00 3.116032065001983486e+00 2.463685527317506541e+01
1.567108643834976833e+00 2.845290197195407877e+00 7.901171367964199277e+00
2.576158575108080662e+00 8.064568168283189564e+00 2.504033585102245141e+01
4.001123168065086055e+00 4.019511037640938866e+00 1.501903283826007751e+01
1.745946455895486249e-01 8.353478580143789856e+00 2.234414807952753179e+01
2.695916002615853735e+00 1.641025686091301949e-01 1.332750982454031785e+00
4.189974137386962560e+00 7.016062154326063727e-01 7.586629909568706864e+00
8.677975821201670215e+00 8.013267402968470066e+00 3.650509235284145859e+01
3.387955673357354591e+00 2.265087337618632013e-01 5.113883823603112333e+00
7.955423894739846347e+00 5.091403443529785022e-01 1.273360374206392187e+01
6.209573158778861846e+00 7.974783113396146206e+00 3.375622444092270769e+01
8.217613956537297426e+00 5.657393495520851801e+00 2.935826716279976978e+01
8.400463109391442806e-01 5.835373333089717285e+00 1.581486449416698292e+01
1.393825887618873605e+00 1.297756495365932627e+00 1.690448451195183610e+00
5.168739270121362139e+00 3.499680365552028327e+00 1.564513538023435579e+01
7.846206733098024522e+00 2.543061301054435397e+00 1.917914224678953516e+01
9.315779886533865906e+00 9.330136579506852712e+00 4.283872885139620479e+01
4.507329109572832060e+00 8.724371140736689512e+00 3.088996121542427531e+01
5.135477755890823559e+00 6.174525343563219693e-01 7.844532198098304931e+00
2.910422110312951283e+00 3.152474842800848442e+00 9.819018142196558330e+00
7.228093183863355975e+00 2.479306264386860192e-03 1.276267233605744877e+01
9.190871011081835906e-01 1.011604994370968180e+00 1.404761489217612347e+00
3.260453993449341503e-01 8.900990545280981436e+00 2.217677240611356737e+01
4.331298878744235026e+00 7.130712810769957777e+00 2.618505732893496329e+01
6.852886553391459579e+00 6.071530517724641030e+00 2.935378587245370952e+01
9.238033181777412395e+00 3.042031659793085208e+00 2.244149839674004809e+01
7.573108401500061149e+00 2.542084245681452082e+00 1.802188801268879104e+01
8.674270465954851517e+00 1.886737659901761566e+00 1.951391606582424032e+01
8.469723314313073459e+00 8.730208420284220949e+00 3.695205351762206902e+01
9.638468874439960032e+00 4.430918333096840911e+00 2.999671439933902306e+01
5.912632719886545374e+00 2.632037732562293453e+00 1.620504036640544143e+01
8.963820572506595141e+00 6.587520187323576693e+00 3.315316621437717970e+01
5.470264145634709863e+00 6.845725278258035118e+00 2.784675419577670752e+01
2.210312895087357177e+00 7.682831197810282120e+00 2.496613890240347544e+01
2.015307055037327544e+00 6.558950021713215506e+00 2.190315658663162068e+01
9.045715204432440260e+00 7.007366298462702758e-01 1.671577314205026354e+01
7.429761254472218468e+00 7.333484888307459038e+00 3.366925929134740869e+01
2.931164606861512922e+00 4.788257224365688458e-01 2.473627066936214813e+00
8.707533953797266690e+00 3.780672384283607634e+00 2.466883839228957243e+01
2.706971322851075001e+00 4.881246218417287785e+00 1.661712281981874639e+01
8.710860190609730935e+00 3.166309030694194337e+00 2.186435125021290560e+01
9.208776615494789652e+00 5.708276254436937869e+00 3.190448601392337835e+01
1.368630759899627236e+00 2.990081731133207299e+00 6.815695849785689653e+00
2.682916452846467514e+00 4.067306422193495141e-01 2.340767833203815762e+00
3.400820198117081361e+00 9.329750130199018443e+00 2.934712335991357790e+01
8.861766360313831470e+00 5.362214934127647936e+00 2.990180095232455670e+01
1.273467202272731136e+00 1.828157198073744327e+00 4.676631393774533407e+00
8.230218345943548286e+00 3.276711040807250619e+00 2.351842475353932116e+01
7.793085461821491755e-01 5.580590602710544523e-01 -1.497134276020020138e+00
9.946367629799219401e+00 3.215752384522418961e-01 1.665457465835338269e+01
5.125384793041057208e+00 5.870828905037576817e+00 2.427486568709222681e+01
2.606862728874741464e+00 5.867832696495884015e+00 1.907942358274162231e+01
8.139538750381577259e+00 2.340889209301050045e+00 1.916388966075292188e+01
4.305984434362509106e+00 6.822653498331811228e+00 2.530444225851382711e+01
2.757473639374861119e+00 7.512133097416366923e+00 2.424008090762880130e+01
1.787828226243126650e-02 3.406268859631619073e+00 7.545319537452018999e+00
6.563329622302393140e+00 9.275806195304532764e+00 3.585759358571176847e+01
2.655349234364001720e+00 5.937342267610876689e+00 2.000936890356654629e+01
7.092604304680238947e+00 2.635253979664219592e+00 1.913380624406903152e+01
8.905306132115104134e+00 5.196232701125155451e+00 3.024582275624186423e+01
3.961781947599016807e+00 7.474819734954392558e+00 2.631406480232661593e+01
2.412789948183953204e+00 6.878036259980337519e+00 2.058699143341349824e+01
2.776940576725637211e+00 3.579111508125223384e+00 1.336214475047595762e+01
7.776347588547580791e+00 9.627967040908206542e+00 4.182733532550432898e+01
2.852865229872346475e+00 8.480230995211288203e+00 2.694113517210666231e+01
4.794237280963749903e+00 6.366964150282607982e+00 2.492800520989002422e+01
4.545220678945032233e+00 3.963325179662463782e+00 1.686690945369874584e+01
3.898246223571371072e+00 8.637946586604163812e+00 2.774092032099628113e+01
3.307620684856955595e+00 2.699083090701361876e+00 1.049775053663819691e+01
9.927982866938279471e+00 7.676856038166889107e+00 3.875597722189014149e+01
6.599757434113020516e+00 5.456734450051499152e+00 2.771099776314930097e+01
6.580961858622761618e+00 9.480427663444597641e+00 3.727756256803917978e+01
9.139261999163135641e+00 3.442586781880763169e-01 1.564151649599294203e+01
5.856319221169846045e+00 1.251787146739280487e-01 8.661787890350330699e+00
1.463596820774223373e+00 3.834229828528762596e+00 8.723900966698877824e+00
4.708854289349174493e+00 3.889520671437157517e+00 1.823299866667312230e+01
6.784598881350618171e+00 7.926552539634368344e-03 9.596796138083837135e+00
8.801702333997916128e+00 2.542791068264993459e-01 1.609394665543019798e+01
7.159081686891870078e+00 3.781807559288968612e+00 2.266879515547786994e+01
6.134797745925661516e+00 3.922934453285109591e-01 9.725493430318174148e+00
5.124073881880567782e+00 1.014000026591402870e+00 1.044643497719592062e+01
2.459461092079270550e+00 4.941482707663960028e+00 1.497416528078136722e+01
3.333570717271694406e-01 9.454161190558652450e+00 2.488153175572605491e+01
5.499141727675672442e+00 7.758833844200100138e+00 2.958773341091357523e+01
9.467169852655320739e+00 1.582367799992721036e+00 2.136160912191111549e+01
8.817777426928861573e+00 7.125106357010007052e+00 3.356139983443193842e+01
1.817659019411652643e+00 1.978422899720285733e+00 5.394601976837308577e+00
5.308679205719924354e+00 9.856047411007963888e+00 3.607864937678059647e+01
8.687408672165574330e+00 5.669041660206490363e+00 3.138278736046711614e+01
4.286016474387190023e+00 5.506294034528406378e+00 2.166305093266467097e+01
6.633147174248437139e+00 5.312664776965822178e+00 2.428592185359912392e+01
5.003946930173409413e+00 6.308656953731583972e-01 8.350688995086450461e+00
7.303266459909827368e+00 7.017351701752939874e+00 3.305446304624673104e+01
8.783455155119757052e-01 3.409877222355872650e+00 5.625442482505447650e+00
7.979622673719132919e+00 6.250089658329721409e+00 3.003574037550914255e+01
6.978375108041884545e+00 8.506634627497881240e+00 3.630794802120949782e+01
2.373272415724358098e+00 7.058172857274904288e+00 2.126617220849253798e+01
5.502177134966373728e+00 8.659572270710631514e+00 3.423511108878294351e+01
5.404369019738261670e+00 3.941442479314833935e+00 1.969442603385760648e+01
6.886404130796935696e+00 1.925338170204103916e+00 1.551997057756096687e+01
6.613847549555645244e+00 1.654672978142416317e+00 1.483494654613254227e+01
3.444986673807467703e+00 4.794928672670187630e+00 1.570602151505392285e+01
2.852856933496200398e+00 1.212316918065461380e+00 4.710629341371522116e+00
8.046737215999490545e+00 8.021645358351165100e+00 3.707368223499565119e+01
8.683452255560890620e+00 7.961605205347155323e-01 1.799237207642405068e+01
8.877643019875499419e+00 5.957261293074997077e+00 3.171719837225467131e+01
2.750798347848014913e+00 7.811257553441327772e+00 2.446056828717211218e+01
7.636416179413199501e+00 5.956772288382804703e+00 2.840329566594230215e+01
8.153589446052935230e+00 5.132325619578884890e+00 2.677494875131700880e+01
9.341692872495921396e-01 6.595897802912290331e+00 1.849495125434073017e+01
9.898823601524199489e+00 7.730465444652930174e+00 4.009298707145295992e+01
8.015224318166347395e-01 4.201051602299255450e+00 1.108371072455353890e+01
4.359728272090912071e+00 8.515829520976481604e+00 2.986574860840125822e+01
5.500680516389135910e+00 9.945350484715586248e+00 3.600020949527780090e+01
2.103011873885093586e+00 6.745285847672910506e+00 2.147680885379016402e+01
7.616982128477082448e+00 2.453540738678018585e+00 2.047786056093833906e+01
5.389348362675955073e+00 3.173552510523847126e-01 8.586177266910841155e+00
4.479791401771363368e+00 2.238747231941783156e+00 1.173415647263485617e+01
1.288417871474031307e+00 5.869729813260892826e+00 1.566324781236012598e+01
9.182832004801044334e+00 4.853210081817848298e+00 2.879417791580372210e+01
9.798169242186494543e+00 3.639248074822431178e+00 2.695277481129774699e+01
9.263132238250456396e+00 6.912161906481752105e+00 3.571832304237889844e+01
2.452911333168658281e+00 1.250283243215469797e+00 5.599833542297104394e+00
2.620062958417361809e+00 5.057665520376088963e+00 1.721674682514150945e+01
1.668263406117962422e+00 3.287750107434600721e+00 9.041044513453563525e+00
7.461221045355014070e+00 9.824454818392787558e+00 4.035929932456890867e+01
9.342796326059700007e+00 1.471169949120959553e+00 1.909368393726370883e+01
2.352179603907623928e+00 4.420211949847263622e-01 9.627938168756269288e-01
9.385781479017596851e+00 9.657025924796085903e+00 4.311272105063383719e+01
9.974945056111659270e+00 5.558571663896746173e+00 3.252751479028222548e+01
1.329642468278021683e+00 7.286128452812670631e+00 1.890559414765715474e+01
4.240794235106120524e+00 4.563579525215681443e+00 1.966681070575064894e+01
2.125541187556976297e+00 6.219333375589340740e+00 1.854214654779133298e+01
9.280425708056331047e+00 2.459425302833577742e+00 2.163374775209515022e+01
6.742160680394386318e+00 2.898687409862058750e+00 1.964620513518633871e+01
9.795174474560310429e+00 1.265883351106034116e-01 1.482274868854185357e+01
7.056284342131958098e+00 3.717334828835971994e-01 1.310760509917552064e+01
9.344718018818090499e+00 8.165220147981600007e-01 1.737217732802815107e+01
9.537874087410990853e+00 2.373992871582031317e+00 2.162828471437930844e+01
5.126081258219418402e+00 7.491394557000115029e+00 2.901754273447307853e+01
7.362327931683585902e+00 4.148493251809791005e+00 2.368410303622570723e+01
2.251211701447559665e+00 9.990482494918852652e+00 3.021000523368526558e+01
3.396370046118283526e+00 5.966637226888060752e-01 4.160300918545838833e+00
9.391875976194230535e-01 2.093029726841445282e+00 3.762488963774885509e+00
6.306791617517781834e-01 7.141535058126250668e+00 1.796748785424845707e+01
6.987707262428155541e-01 3.396076776050787061e+00 7.806965575055331286e+00
4.471845943223097919e+00 5.859582531744297995e+00 2.354356964921447570e+01
5.109682870433224444e+00 5.429533984354764975e+00 2.278529328778022744e+01
3.285296041328600314e+00 7.674123046418865002e+00 2.365776797381215957e+01
8.676632943807238707e-01 6.547897987556584809e+00 1.719593556320264582e+01
8.271212975320272776e+00 1.415930040532529244e+00 1.664808266188414976e+01
6.550072806645753865e+00 1.611448045295884590e+00 1.337069962954495317e+01
2.915174438458395301e+00 6.539156630433284878e-01 3.379783189252984155e+00
9.571403700955460891e-01 8.518333899250064789e+00 2.267147808456504521e+01
7.071526211386926164e+00 2.550651576473846660e+00 1.846898790257421652e+01
1.824434807036389161e+00 6.207250375463441827e+00 1.766810675563409916e+01
7.711873911262258297e+00 5.189409176980085192e+00 2.669525340165229466e+01
5.482840045430852349e+00 3.851894289728577725e+00 1.917206963886086157e+01
9.868168143866806741e-01 1.459292801681889573e+00 2.416958220945346625e+00
4.978722420145853533e+00 2.068307673043684680e+00 1.149092051589294528e+01
5.767717348228107443e-01 9.980717607926745671e+00 2.832657578522634267e+01
4.544320654002492965e+00 1.278410105023772836e+00 9.586845090250939450e+00
5.948377583938491142e+00 5.345540074105805672e+00 2.584169184748151338e+01
9.578903630823562665e+00 4.453799891932790800e+00 2.659641943702079203e+01
8.795589345826236638e+00 4.097447285856564037e+00 2.667849943718313810e+01
8.354708972953607926e+00 6.812947573113619093e+00 3.323182064511097167e+01
4.232579087649924077e+00 9.356869027256447424e+00 3.189727441637625560e+01
2.114972384695171570e+00 9.907714809232309960e+00 3.037319639284006101e+01
2.219949727048899035e+00 8.682051010472175534e+00 2.485560363221726732e+01
6.511892276298373083e+00 4.698088305853683977e+00 2.313729105479016113e+01
6.176096241525462105e+00 1.151774319146153802e+00 1.064880507941743559e+01
6.958756104667363829e+00 2.649342093819024857e+00 1.855335996384382469e+01
5.108909704011209918e+00 3.098976246822615632e+00 1.565658590202835398e+01
3.164731582873092641e+00 3.692437829066999910e+00 1.431494653068470235e+01
5.807995889600126915e+00 7.025956798715955465e+00 2.911788669495150828e+01
8.925822908213859819e+00 7.169406093036689853e+00 3.627405472301813916e+01
4.098595956321870126e+00 3.452490675019216582e+00 1.495526364681147058e+01
1.671568455647491902e+00 4.693170598661790649e+00 1.148183690094327325e+01
4.979308434717951926e+00 3.033119334028555603e-01 8.192662510997335445e+00
7.346422165688446526e+00 6.482773476419140479e+00 3.265808320998123548e+01
1.692060238142920614e+00 2.711355651316643467e+00 6.819132660395575307e+00
6.447140063710522284e+00 5.121364501190988960e+00 2.545541668074194774e+01
8.014692034922708430e+00 4.473174628884101445e+00 2.464300251041267131e+01
8.880529392996459492e+00 3.704688194841232463e+00 2.448462129206700766e+01
1.174285277176037035e+00 7.707253712135042623e-01 1.692494912144721919e+00
6.373249635397395529e+00 5.093397472410812199e+00 2.354238617910892728e+01
8.874983702116677975e+00 9.662971488854331881e+00 4.389558672732450617e+01
1.860218058367896221e+00 9.331888774600255232e+00 2.718197826935244876e+01
9.195866449542586807e+00 8.123636703447392193e+00 4.045337518756365114e+01
3.784015728670212297e+00 1.784820730106386755e+00 9.380448607261682170e+00
7.901261988323330598e+00 2.796724927445147557e+00 2.185300935377435394e+01
9.333059311632796451e-01 1.886554755170769537e+00 3.578935623793020770e+00
5.625515410329269272e+00 4.164394028620105104e+00 2.090823396493725994e+01
8.821023837569606840e+00 1.509624655294273810e+00 1.883329798445434022e+01
7.191032151283970109e+00 4.772169272422402742e+00 2.377071642277427799e+01
1.383677998312179414e+00 2.785336779834870491e+00 6.707569194371313159e+00
2.947990990793931676e+00 3.596057481911256737e+00 1.139353607649735523e+01
8.913836467750870796e+00 3.679960946188374216e+00 2.453796736286443547e+01
6.896060090305389245e+00 4.117822919501472612e+00 2.252379176923528092e+01
7.478494129350812258e+00 2.604978012304894008e+00 1.865705508990674133e+01
7.537663385669180371e+00 3.026173903933746523e+00 2.121320882222453363e+01
3.069590326901521227e+00 5.343301148192494132e+00 1.946133290398597282e+01
9.192362576378011241e+00 3.235458480903838030e+00 2.357284787142789639e+01
2.951210608806137614e+00 8.723968673799140205e+00 2.903804458207424588e+01
5.643334242864127326e+00 1.288119734159536289e+00 1.125173008823288257e+01
9.482850692611233256e-02 7.616585076427013767e+00 2.018321147083528544e+01
6.103999258484103407e+00 7.642917079319522244e-02 7.722419406607287762e+00
5.436286889645460363e+00 9.606758487614841968e+00 3.532104655682464767e+01
3.677178259386449710e+00 5.296675982879346378e+00 1.874462351095743884e+01
9.875433891830910582e+00 9.839902019153745627e-02 1.696493256260713878e+01
3.869354382078116217e+00 8.294721733797770113e+00 2.780373102069318847e+01
1.512588943453436752e+00 1.701545038163941870e+00 3.956782114042949772e+00
9.400841000735290720e+00 9.022385679740635211e+00 4.125135915347807014e+01
2.045519137731365511e+00 8.114953329946390070e+00 2.414834604600693169e+01
7.232547403730034574e+00 7.269463869998666894e+00 3.201947273215755274e+01
8.612035608087346361e+00 7.198844975981208982e+00 3.362184221436704945e+01
9.136858525808056797e+00 7.527731710165427081e+00 3.634881187493411403e+01
1.064158841546706258e+00 3.183720573829185163e-01 -1.036405565947571272e+00
6.455100315882622564e-01 5.128694178251552493e+00 1.248227988241215236e+01
9.606587534910017823e+00 3.132946076770309674e+00 2.535831975873626121e+01
3.319609981904956264e+00 6.197931505159093302e-01 5.112185180072190249e+00
1.027129206644313841e+00 6.559621299637901082e+00 1.959690984969196847e+01
5.377373906895648759e+00 4.984096182894040439e+00 2.124730278018763840e+01
9.244762018672819437e+00 9.784212654896435879e+00 4.426135818205231232e+01
6.676832775041641188e-01 9.281911098073887700e+00 2.483937976306431494e+01
6.703403520616327604e+00 2.894247075370002253e+00 1.842143368640117629e+01
2.518188538127138720e+00 4.617429186600411128e+00 1.363767813486932212e+01
7.618871585856567208e+00 3.051862082821857669e+00 1.955878103900864318e+01
7.924900792183208864e+00 8.955307997465620673e+00 4.013515305767557351e+01
6.960620756853868940e+00 7.165212358573316287e+00 3.069209924960056313e+01
3.215170299951597421e-01 3.171365492643474226e+00 6.634529517872488569e+00
9.078598091585765584e-01 7.680276843306926615e+00 2.218398321202822032e+01
4.816012123050581906e+00 4.522848659244068870e+00 1.778810100033290098e+01
6.983493177315446943e+00 5.840567091538479971e+00 2.610837679648360421e+01
4.361884093116356276e+00 9.952336884268071060e+00 3.369820720827904381e+01
3.434366925141633331e+00 4.060316902292307795e+00 1.366178153498606029e+01
2.878570543612548605e+00 1.904040675385731962e-01 8.600331220288133238e-01
2.896425275531316679e+00 6.271350224166472032e+00 2.113760108443352692e+01
6.150834692611919507e+00 7.969273000906223814e+00 3.164566305146409420e+01
9.066618747746883145e+00 6.434327979094232042e+00 3.364718288662746914e+01
9.811792814548338626e+00 6.430934848970640161e+00 3.543413113763175915e+01
1.062029749699734404e+00 7.209767081714737458e+00 2.137667963393557713e+01
8.107686789594239940e+00 4.185196561427980910e+00 2.529552210424468228e+01
6.567232906946123272e+00 9.694338393663636921e+00 3.886289149231939888e+01
3.914932058209796839e-01 2.018941312016902856e+00 2.536642423947816027e+00
8.046679923216164099e+00 7.544705107682645462e+00 3.515662988565691194e+01
4.429717281516007077e+00 4.080008405654554693e+00 1.639506076847429128e+01
2.699141702718015345e+00 1.717735783797269544e-01 3.182296665852001993e+00
7.699909827623693026e+00 1.404370538094000809e+00 1.735670143338088067e+01
8.823976505452964858e+00 1.599501146407702468e+00 1.982322379458797101e+01
3.741840388422303931e+00 4.224649814238561341e+00 1.563586272340676331e+01
4.843969406999146798e+00 5.151950317015289826e+00 2.108672766421754829e+01
2.532415452029868064e-02 5.999145480460099655e+00 1.433895864530014741e+01
1.562422693627386616e+00 8.368548452857902831e+00 2.561591466638011738e+01
1.815056723696150121e+00 6.179346935223906989e+00 1.907433077680436639e+01
3.752282792684363599e+00 7.347838997984220910e+00 2.569640807349820477e+01
1.162433976425315540e+00 1.766239235734360369e+00 2.962735210260307284e+00
1.967419823159891612e+00 2.382580325788342890e+00 7.695016823453551424e+00
5.451720994517224028e+00 4.100996319549730984e+00 2.047888413735288893e+01
9.746821837887361895e+00 9.339606733553806883e-01 1.827582298190650434e+01
2.644739702803121872e+00 9.667607736360192661e+00 2.993356927155824110e+01
9.396750750738103619e+00 9.005973316640975668e+00 4.172940931528975739e+01
7.023055152520817579e+00 8.430657922595207410e+00 3.725665223533206927e+01
5.510557595392121755e+00 2.522941968780977540e+00 1.444494343896545985e+01
8.187459356785279141e+00 8.588955101389538882e+00 3.652702336332626487e+01
7.119337362244285927e+00 2.896243159875266038e+00 1.963725481518539340e+01
9.095129306857796525e-01 3.640094775079808720e+00 8.002525961345192229e+00
4.036891172707940179e+00 6.587661075656495946e+00 2.311273849032024685e+01
9.618776118731947378e+00 5.242066646653268158e+00 3.237123608825319110e+01
2.426195245321727256e+00 1.031904253669782001e+00 3.611794983799571312e+00
6.787488801246460923e+00 1.820023260598880865e+00 1.359213521187799323e+01
2.027888074252715001e-01 5.927517300577845205e+00 1.495149329871474819e+01
8.988021793587826380e+00 7.385052496140520617e-02 1.327315494156316866e+01
2.131834013514867010e+00 8.135128262937421084e+00 2.542092454652490829e+01
9.835377859448236393e+00 4.731968882751477423e+00 2.882906418483095834e+01
7.818409943835836984e+00 3.804717459957529524e-01 1.299750399251726662e+01
4.078010848002067146e-01 6.545247065765686934e+00 1.410218872709653581e+01
7.004998576847682124e+00 9.977593214671889754e+00 4.080218879745077487e+01
3.200970582422313360e-01 2.232314690596147955e+00 3.116684423957386318e+00
6.060776517025766807e+00 8.977677864285876552e+00 3.356599430812563867e+01
7.058601334312534448e+00 4.602316759460994611e+00 2.181643696120611153e+01
7.224561683428873060e+00 5.035315428545748873e+00 2.733777774049519138e+01
2.346301925404334909e+00 2.638536533061393019e+00 9.781523344394068786e+00
1.093925143279246281e+00 1.206648954575589849e+00 2.179615015857716109e+00
7.710432357822430305e+00 5.017190584008003107e+00 2.770479357424598632e+01
4.942833746482637736e+00 4.298160237337130596e+00 2.067194822302691648e+01
6.856415644828888212e+00 6.304434834351761552e+00 2.665577255622579855e+01
8.604204053734343383e-01 9.736574607413077231e+00 2.695171787862230062e+01
9.368219000839491883e+00 2.996787722435529933e+00 2.436656705528515232e+01
1.636641206277285043e+00 1.136104893151866913e+00 3.151510400515796562e+00
7.724525296157704446e+00 9.860628968431988994e+00 4.167009747072998493e+01
7.259506146626524270e+00 8.747736965097979933e+00 3.711742153460791371e+01
7.098010477480095837e+00 7.277121629855675344e+00 3.192474843981565513e+01
9.160377673196302695e+00 1.752044423464717005e+00 2.034236345141885138e+01
4.772354596899659462e+00 2.916952930226979213e-02 5.206261638692517124e+00
9.016111324951687322e+00 9.456195605439157603e+00 4.254056231209978733e+01
1.000507237072215672e+00 5.164872230404543352e+00 1.138837444638270924e+01
2.006697114945088511e-01 3.546032320273385885e+00 7.880450161815335086e+00
5.348330050599302332e+00 5.003432569243674521e+00 2.098479100863456992e+01
4.929067837297713695e+00 7.251234022433273196e+00 2.771339754571842562e+01
8.327523438552214330e+00 8.963038499733977815e+00 3.969603263512977520e+01
1.963372093165191012e+00 1.262576939455010150e+00 2.566360060138587862e+00
5.734635803903377571e+00 4.866964241529766255e+00 2.090819456493075990e+01
3.348515773826787889e-01 7.439371754430659678e+00 2.010031359109169458e+01
4.199919407440110497e+00 4.513300786273919840e+00 1.914207814148826969e+01
5.546889143922539844e-03 1.387369835617964231e+00 -2.101188754051110941e+00
1.201307073309965112e-01 9.442286206741087540e+00 2.526242333108560700e+01
1.331211640040609323e+00 7.888819945016392055e+00 2.334197729770509966e+01
9.096285569357714706e+00 4.478249206883900158e+00 2.723445088817768678e+01
9.500133851007337427e+00 6.706864093321169840e+00 3.619227368484381202e+01
8.169478265544245943e+00 7.666683887595707958e+00 3.368417997197593650e+01
9.112344670072051400e+00 8.841863413071610722e+00 4.130702938816501302e+01
4.815538940242292121e+00 9.520084100263375149e+00 3.393293986881756297e+01
6.755476189133300835e+00 5.967033008355718593e+00 2.951442784574972222e+01
2.764994953296866509e+00 8.589681823563362073e+00 2.871382308921902293e+01
6.909308592419951545e+00 5.054072435883160352e+00 2.500294868084190725e+01
8.832553897262956255e+00 6.594214448345073976e+00 3.305604076885366993e+01
9.674148460312078868e+00 6.891097667863440357e+00 3.652411836072069207e+01
2.418286713543005284e-01 3.256967182799611393e+00 6.121718439896184805e+00
9.496912577565172597e+00 8.997379441401239575e+00 4.209417535787535058e+01
2.542870537307329037e+00 3.501694639740104975e+00 1.079181818675633231e+01
3.144580695485305277e+00 5.813707287177575012e+00 1.947860087831628206e+01
1.568155237562933735e+00 5.194286139303082805e+00 1.330351466546401973e+01
2.143672400612945061e+00 4.793658455215381586e+00 1.435437479832110697e+01
2.466866452299547596e+00 2.662475814729574619e+00 7.829932651917603792e+00
5.566237999824156013e+00 4.886142106638555305e+00 2.293429322827582340e+01
3.630083533854460143e+00 2.266993832036746426e+00 1.179293154152270695e+01
5.792110750246370898e+00 9.321069221788594206e+00 3.502832760826935754e+01
3.138192569959983302e+00 4.451212097022915870e+00 1.582027244101647412e+01
3.678074579836189351e+00 2.398270871423352268e+00 8.395382456796824044e+00
4.887999572612985233e+00 4.978402347517116411e+00 2.101045383628324359e+01
8.702631137224365432e+00 8.535853062422722459e+00 3.918428474859648958e+01
3.839808236532764596e+00 1.549237470810319595e+00 9.163546484942589387e+00
3.491815914307878632e+00 5.096539003962755388e+00 1.909815658699796614e+01
5.970144372909713670e-01 4.620137300376866207e+00 9.951983886569326643e+00
1.021257638994371719e+00 7.087044064433376533e+00 1.991484516866976051e+01
5.040656528674709591e+00 8.130825712296781305e+00 3.071624703598781991e+01
4.828553427600441594e+00 5.121963117353809380e+00 2.195219286480767806e+01
9.047697283384947831e-01 7.353220941356206630e+00 1.998474574768039247e+01
3.377701182849524919e+00 5.697824326244727899e+00 1.911026283308367368e+01
9.544952778209436772e-02 1.645777195836723994e+00 -7.949038175365892300e-01
3.315924467268137832e+00 6.262732269972959287e+00 2.072449596644053216e+01
1.534259932156064599e+00 7.662585492357511185e+00 2.033910654012962738e+01
8.308144171000725109e+00 3.322554313190859698e+00 2.187078702312413370e+01
1.483815079232724266e+00 9.705443191909456147e+00 2.737071237250277278e+01
2.867672874038501796e+00 9.048575829277094584e+00 2.911976244027253813e+01
3.172961920175527695e+00 5.312991427046008575e+00 1.689009267257167224e+01
5.274385805639505875e+00 5.300151337848507893e+00 2.210599418952603301e+01
6.029057143264754615e+00 1.505405682259035594e+00 1.379816468887154812e+01
9.713753221083267775e+00 5.520115443055870763e+00 3.195898457279479388e+01
1.388333761004633127e+00 8.625478460086309695e+00 2.256932349058599385e+01
6.207100460431766109e+00 9.684235615271676423e+00 3.691051212966211637e+01
1.008058605594551738e+00 1.788432061835961706e+00 3.749754381645908907e+00
1.546274682343429241e-01 7.932793550242971392e+00 1.963794839374318357e+01
9.310207367848224891e+00 4.113994588666987973e+00 2.657983194213327138e+01
7.253890925241042176e+00 4.574095233133043337e+00 2.368670422669532627e+01
2.241107663897206947e+00 1.700505917775486653e+00 5.121306353433138447e+00
9.824706022927463422e+00 4.553036177174002219e+00 3.090202056878267456e+01
9.592307584489038419e+00 2.258375951665313686e+00 2.376986723791363687e+01
1.746835222365878959e+00 1.916401651708211640e+00 5.423413847899292151e+00
3.451265926188955557e+00 3.719360209422148067e+00 1.310158871246442835e+01
7.790224723308830868e+00 4.102650085860450879e+00 2.443651052454119110e+01
5.489314144643842930e+00 2.138777777538169111e+00 1.425144451665859435e+01
5.566118849138881330e+00 5.097105203057662237e+00 2.085195248605744922e+01
9.118852420866618402e+00 9.736248493860363951e+00 4.518485213226085051e+01
9.957460857451762237e+00 6.712852062196760450e+00 3.580197626478906869e+01
9.256299504245156129e+00 5.076144054181527032e+00 3.127671798320423235e+01
5.596288190948702557e+00 6.123201192095658385e+00 2.564725828998310320e+01
5.798506135421712671e+00 3.075483003526917614e+00 1.762480343666832638e+01
7.283779393358762455e+00 8.440945025620665731e+00 3.359959571212326068e+01
6.619844624229981989e+00 1.615763587791521072e+00 1.381572791253956467e+01
2.961599639144377960e+00 9.209647411168202069e+00 2.881067620733344725e+01
3.374467331042707574e-01 4.025138897320562847e+00 9.806510184069789915e+00
7.093400247304433748e+00 7.742997745452129266e-01 1.193824894583796592e+01
3.300524834104754390e+00 7.686629971565031028e+00 2.544851479358613133e+01
7.591541973013970157e+00 8.237783730622167511e+00 3.533903092940304447e+01
9.540043873768631499e+00 1.603648200321385886e+00 2.004440045976616958e+01
5.001500962156036678e+00 6.668008913271919802e+00 2.735720911343297956e+01
5.093467813125666765e+00 5.882186334723260579e+00 2.332947964705534716e+01
5.224512887934578131e+00 5.161370013652232913e+00 2.179729834494339258e+01
5.819462863040573808e+00 6.809061226483403839e-01 9.181625349856805229e+00
9.268056333480846121e+00 2.677800774345108437e+00 2.260309812014151731e+01
5.592026818044320002e+00 7.837494110819917204e+00 3.115353887991799908e+01
3.747954797712271802e-01 7.380819381617201635e+00 1.907523759652229245e+01
5.909429106527879227e+00 2.983986404879567012e+00 1.670274323674325956e+01
5.917707394738405569e+00 9.902280596045372363e+00 3.584486646745920524e+01
1.670111679510069003e+00 7.545387736004843582e+00 2.039431729022514617e+01
3.982550084803679891e+00 9.841975246791026422e+00 3.467821658412248809e+01
9.032810138050772153e+00 5.741024687569451501e-01 1.692253739306326921e+01
5.234965120677594008e+00 2.557634111471736915e+00 1.452183042361991028e+01
7.538022233921104487e+00 2.146273748934110159e+00 1.769214310936046886e+01
3.962987699120601448e-01 5.801424407904869796e+00 1.421251411464606562e+01
6.391081025339325095e+00 1.768652298777229070e-01 8.248040241011143081e+00
3.990747212955790602e+00 3.393470881986448973e-01 4.932062862240030654e+00
8.335715698083227210e+00 7.470279822991637175e+00 3.507703062589975929e+01
3.239377599148890674e+00 4.661634327739695216e+00 1.594120484849956298e+01
5.647359531767789598e+00 5.632027695933567557e+00 2.494883199809743957e+01
1.830405399582069048e+00 4.776224842352640110e+00 1.286204280239086373e+01
8.036695674240556642e+00 2.112220605556147657e+00 1.713898398859894456e+01
8.471448830807590369e+00 3.478830769239948939e-01 1.330858495477781034e+01
3.022215491653552633e+00 1.298166965806016870e+00 6.204696555501385546e+00
2.912397371453327111e+00 1.955759235102147997e+00 9.404946081528429147e+00
6.093788925238452503e-01 2.246524529657082603e+00 2.801378409918772405e+00
9.517993998991515880e+00 3.129914986714989134e+00 2.450938123235972554e+01
7.096503987381998613e+00 1.057487291228372817e+00 1.306362451083301934e+01
2.594136386431324048e+00 6.684802002443123392e+00 2.072157036936349783e+01
2.420592835009744981e+00 4.631233783164359963e+00 1.413012512405695276e+01
1.692653020362627769e+00 2.584041702625420101e+00 8.661403615395890654e+00
6.088082595137800368e+00 7.662805426462719005e+00 3.043754219911753367e+01
4.190211140527178912e+00 1.824820004052518652e+00 9.957313691010392986e+00
4.424792762073264107e+00 9.845444113982059875e+00 3.506496396988598008e+01
7.465366800003433667e+00 4.203079685074144756e+00 2.226926780533500505e+01
2.475835008615034916e-02 2.238028979050732392e+00 1.605505441700525227e+00
1.341653923711561003e-01 2.716280758102397108e+00 4.440164707646349740e+00
7.563466185878292336e+00 8.461738354340239354e+00 3.546070988367165455e+01
2.551394696372605075e+00 3.066306789122857701e+00 1.116778257008258990e+01
5.890576033270741085e+00 3.202096064214896565e+00 1.840710152047125447e+01
2.575363094458715807e+00 7.233329610790770303e+00 2.151708741671447100e+01
9.071137648618488925e+00 7.081332817372476551e-01 1.690758543093335931e+01
6.994496881242691089e+00 6.680748525799310222e+00 2.898671542583685579e+01
9.284546917430564150e+00 1.192268061345921337e+00 1.762363641080341381e+01
5.388116902390649443e-01 1.257741342072619117e+00 2.616490825027651956e-01
9.940433552340421919e-02 3.221868235487953314e+00 5.647436727591931493e+00
3.664165673184460736e+00 4.179761258600015239e+00 1.598870326818716592e+01
1.905031262704972583e+00 7.983546466748167703e+00 2.546263815824077881e+01
8.012265082609474121e+00 2.780578931839684742e+00 2.014194251694355842e+01
8.124194631019278745e+00 5.815781931028789487e+00 2.860681110009584671e+01
3.076986651064927969e-01 9.410388401685922943e+00 2.526799017823684324e+01
1.583300307730092227e+00 6.735029829619638697e+00 1.972787300180450387e+01
8.701286094117399728e+00 7.731003033464563856e+00 3.744000235974958457e+01
6.744001864013857706e+00 3.091717021912367969e+00 1.875679107091280073e+01
1.401361685545688962e+00 4.606293527937483923e+00 1.430681124755768607e+01
7.317146726051131367e+00 5.299623877297224617e+00 2.673664395148533046e+01
7.914442758407264300e+00 4.489511545743929410e-01 1.333998328850125681e+01
8.125606095475795598e+00 3.970701158329850156e+00 2.469902500474135465e+01
8.464243138563608326e+00 4.993137512219747443e+00 2.787960871215278758e+01
3.919873139884468838e+00 8.417786075292937653e+00 2.977314490123019652e+01
4.506698399733868321e+00 8.598523768650078836e+00 2.920847104177088838e+01
3.052906314089136597e+00 8.691772824106799078e+00 2.783117099989389587e+01
2.426548070972029958e+00 6.145945859701048342e+00 2.106497986015075341e+01
4.606775190748152227e+00 8.793686622400494812e+00 3.101618055587061207e+01
4.324646341725022936e+00 1.343171043450609448e+00 9.550783753611954197e+00
1.755968872811498604e+00 9.507226942200175390e-01 1.518889383332538312e+00
5.132305594546810568e+00 5.688929901736809569e+00 2.275681424153314225e+01
6.440929685224663359e+00 1.849431472141271904e+00 1.373556067635744959e+01
3.766283085854422730e+00 2.251512629932034493e+00 1.085957991311552817e+01
3.164780175790662398e+00 4.954316180485473176e+00 1.574527582935792758e+01
2.699871294948211542e+00 9.538099847784307528e+00 3.019706231641945138e+01
9.586410508787466256e+00 3.715413994207714676e+00 2.368976172122663115e+01
2.041557956190057865e+00 7.262827399996744759e+00 2.156542223635256761e+01
3.895124647359976322e+00 7.464799118150086343e+00 2.836069271039992046e+01
3.670399754174230367e+00 3.959059351297823603e+00 1.494132232577177533e+01
5.401370512774962052e+00 9.014146084140113757e+00 3.561057555785525608e+01
9.955734140861746795e+00 4.972282721545066231e+00 3.007290526189687796e+01
2.523050629068412043e+00 9.859038908896400333e-01 4.264243212246917381e+00
6.921020809248938477e+00 2.736531330228035852e+00 1.855362832279000784e+01
1.375102842940766346e+00 8.963787100211174419e+00 2.521503114977790005e+01
9.875594606624247263e+00 2.415879442340969074e+00 2.378358901860523744e+01
4.943947754804146832e+00 6.139390980891652916e+00 2.380739736219319980e+01
3.456521308559288297e+00 6.003042613395837002e+00 1.979650519605979397e+01
8.672515179964586096e+00 9.635916958134803423e+00 4.138030767085614769e+01
8.943576323855198851e+00 8.499765094436547486e+00 3.938590118294563069e+01
